3.677177221708998189e-01
6.677669462191374583e-01
-5.668511390938766326e-01
-4.733383995211202788e-01
9.990102831323933730e-01
5.515431731257021131e-01
-5.938697748916608316e-02
6.663420038966763048e-01
-2.294975100429569870e-01
7.938562227681602579e-01
-1.514715875242745313e-01
4.538556612602273610e-01
-7.956511037684882437e-01
1.817746036087965478e-01
7.808779690001792506e-01
3.202690547620226647e-01
3.208541247034612520e-01
5.479340563165480127e-01
-6.331624311854201492e-01
-6.355148684340690413e-02
6.665405470164933455e-01
-1.229475124044578371e-01
-9.871832650653602492e-01
-8.405035152736773929e-01
8.193186055080263763e-01
-1.030078011788922859e-01
3.787589120565217904e-01
-3.670173143301206919e-01
4.688156249326788094e-01
-9.612003039113787839e-01
