-8.904548316923074358e-01
1.705816783770252698e+00
-1.924542384489456470e+00
-1.346243126671081036e+00
-1.363836323669850525e+00
-5.897419876099577879e-02
1.206244087339617854e+00
-3.232510969125073075e-01
7.200164796251630195e-01
5.544568117147397057e-01
9.055719708771317045e-01
-9.029909814172906168e-01
6.031832650739870072e-01
-8.012456017130507868e-02
-8.567055533823496327e-02
5.457049475486517448e-02
-3.641822517418765726e-01
9.668767514457108359e-01
1.391397911650636976e+00
7.806971749171568442e-01
-5.136484084917792847e-01
-2.009686124868334534e-01
-1.871921873771756617e-01
1.258691366651754739e+00
-1.428151678561764282e+00
-1.812964555682344603e+00
-4.277175449899464077e-01
-7.723647006286922245e-01
7.853455780158777877e-01
7.398303529765006825e-01
